[gd_scene load_steps=7 format=2]

[ext_resource path="res://Pillar.tscn" type="PackedScene" id=1]
[ext_resource path="res://Lamp.tscn" type="PackedScene" id=2]
[ext_resource path="res://tiles.meshlib" type="MeshLibrary" id=3]
[ext_resource path="res://Player.tscn" type="PackedScene" id=4]
[ext_resource path="res://Zombie.tscn" type="PackedScene" id=5]

[sub_resource type="Environment" id=1]
ambient_light_color = Color( 1, 1, 1, 1 )

[node name="Level1" type="Spatial"]

[node name="GridMap" type="GridMap" parent="."]
mesh_library = ExtResource( 3 )
data = {
"cells": PoolIntArray( 0, 0, 1, 1, 0, 0, 14, 0, 0, 15, 0, 1, 16, 0, 1, 17, 0, -1610612735, 18, 0, -1610612735, 19, 0, 0, 65533, 0, 0, 65534, 0, 1, 65535, 0, 1, 65537, 0, 0, 65550, 0, 0, 65555, 0, 0, 131069, 0, 0, 0, 1, -1610612735, 1, 1, 0, 14, 1, -1610612736, 15, 1, 1, 16, 1, 536870913, 17, 1, -1610612735, 18, 1, -1610612735, 19, 1, 0, 65533, 1, -1610612736, 65534, 1, 1, 65535, 1, 1, 65537, 1, 0, 65550, 1, 0, 65555, 1, 536870912, 131069, 1, 0, 0, 2, 1, 1, 2, 0, 14, 2, -1610612736, 15, 2, -1610612735, 16, 2, 1, 17, 2, -1610612735, 18, 2, 1, 19, 2, 0, 65533, 2, -1610612736, 65534, 2, 536870913, 65535, 2, 1, 65537, 2, 536870912, 65550, 2, 0, 65555, 2, 0, 131069, 2, 536870912, 0, 3, -1610612736, 1, 3, -1610612736, 14, 3, 0, 15, 3, -1610612735, 16, 3, 1, 17, 3, 1, 18, 3, 1, 19, 3, -1610612736, 65533, 3, -1610612736, 65534, 3, -1610612736, 65535, 3, 0, 65536, 3, 536870912, 65537, 3, 536870912, 65550, 3, 0, 65555, 3, 0, 131069, 3, 536870912, 131070, 3, 0, 131071, 3, 536870912, 5, 4, 0, 6, 4, 0, 7, 4, 536870912, 8, 4, 536870912, 9, 4, 0, 10, 4, 536870912, 11, 4, 0, 12, 4, 536870912, 13, 4, 536870912, 14, 4, -1073741824, 15, 4, -1610612735, 16, 4, 1, 17, 4, 1, 18, 4, 1, 19, 4, 0, 65541, 4, 1073741824, 65542, 4, 0, 65543, 4, 0, 65544, 4, 0, 65545, 4, 0, 65546, 4, 536870912, 65547, 4, 536870912, 65548, 4, 1073741824, 65549, 4, 0, 65550, 4, 536870912, 65555, 4, 536870912, 5, 5, 536870912, 6, 5, 536870913, 7, 5, 1, 8, 5, 1, 9, 5, 1, 10, 5, 1, 11, 5, 1, 12, 5, 1, 13, 5, 1, 14, 5, 1, 15, 5, 536870913, 16, 5, 1, 17, 5, 1, 18, 5, 536870913, 19, 5, 0, 65541, 5, 0, 65555, 5, 536870912, 5, 6, -1073741824, 6, 6, 536870913, 7, 6, 1, 8, 6, 1, 9, 6, 1073741825, 10, 6, 1073741825, 11, 6, 536870913, 12, 6, 1, 13, 6, 1, 14, 6, 536870913, 15, 6, 536870913, 16, 6, 1, 17, 6, 536870913, 18, 6, 1, 19, 6, 0, 65541, 6, 0, 65555, 6, -1073741824, 5, 7, 0, 6, 7, 1, 7, 7, 1, 8, 7, 1, 9, 7, 1, 10, 7, 1, 11, 7, 1, 12, 7, 1, 13, 7, 1, 14, 7, 1, 15, 7, 536870913, 16, 7, 1, 17, 7, 1, 18, 7, 1, 19, 7, 536870912, 65541, 7, 0, 65555, 7, 536870912, 5, 8, 0, 6, 8, 1, 7, 8, 1, 8, 8, 1, 9, 8, 1, 10, 8, 1, 11, 8, 1, 12, 8, 1, 13, 8, 536870913, 14, 8, 1, 15, 8, 1073741825, 16, 8, 536870913, 17, 8, 1, 18, 8, 536870913, 19, 8, 0, 65541, 8, 0, 65555, 8, 536870912, 5, 9, 0, 6, 9, 536870912, 7, 9, 0, 8, 9, 0, 9, 9, 0, 10, 9, 0, 11, 9, 536870912, 12, 9, 0, 13, 9, 0, 14, 9, 0, 15, 9, 0, 16, 9, 0, 17, 9, 0, 18, 9, 0, 19, 9, 0, 65541, 9, 0, 65542, 9, 0, 65543, 9, 536870912, 65544, 9, 536870912, 65545, 9, 0, 65546, 9, 0, 65547, 9, 536870912, 65548, 9, 0, 65549, 9, 0, 65550, 9, -1610612736, 65551, 9, 0, 65552, 9, 536870912, 65553, 9, 0, 65554, 9, 0, 65555, 9, 0, 6, 65517, 536870912, 7, 65517, 0, 8, 65517, 536870912, 9, 65517, 536870912, 10, 65517, 0, 11, 65517, 0, 12, 65517, 536870912, 13, 65517, 0, 14, 65517, 536870912, 15, 65517, 0, 16, 65517, 0, 17, 65517, 0, 18, 65517, 536870912, 19, 65517, 0, 65542, 65517, 0, 65543, 65517, 0, 65544, 65517, 0, 65545, 65517, 536870912, 65546, 65517, 536870912, 65547, 65517, 536870912, 65548, 65517, 536870912, 65549, 65517, 0, 65550, 65517, 536870912, 65551, 65517, 536870912, 65552, 65517, 536870912, 65553, 65517, 536870912, 65554, 65517, 0, 65555, 65517, 0, 6, 65518, 536870912, 7, 65518, -1610612735, 8, 65518, -1610612735, 9, 65518, -1610612735, 10, 65518, 1, 11, 65518, -1610612735, 12, 65518, 1, 13, 65518, 1, 14, 65518, 1, 15, 65518, 1, 16, 65518, 1, 17, 65518, 1, 18, 65518, -1610612735, 19, 65518, 0, 65542, 65518, 0, 65555, 65518, 0, 6, 65519, 536870912, 7, 65519, 536870913, 8, 65519, -1610612735, 9, 65519, 1, 10, 65519, 1, 11, 65519, -1610612735, 12, 65519, -1610612735, 13, 65519, -1610612735, 14, 65519, -1610612735, 15, 65519, -1610612735, 16, 65519, 1, 17, 65519, 1, 18, 65519, -1610612735, 19, 65519, -1610612736, 65542, 65519, 0, 65555, 65519, 0, 6, 65520, 0, 7, 65520, -1610612735, 8, 65520, 1, 9, 65520, -1610612735, 10, 65520, -1073741823, 11, 65520, 1, 12, 65520, 1, 13, 65520, -1610612735, 14, 65520, -1610612735, 15, 65520, -1073741823, 16, 65520, -1610612735, 17, 65520, 1, 18, 65520, 1, 19, 65520, 0, 65542, 65520, -1610612736, 65555, 65520, -1610612736, 6, 65521, 536870912, 7, 65521, 1, 8, 65521, 1, 9, 65521, 1, 10, 65521, 1, 11, 65521, -1610612735, 12, 65521, -1610612735, 13, 65521, -1610612735, 14, 65521, -1610612735, 15, 65521, -1610612735, 16, 65521, 1, 17, 65521, -1610612735, 18, 65521, 1, 19, 65521, -1073741824, 65542, 65521, -1610612736, 65555, 65521, -1610612736, 6, 65522, 0, 7, 65522, 0, 8, 65522, 0, 9, 65522, 536870912, 10, 65522, 536870912, 11, 65522, 536870912, 12, 65522, 536870912, 13, 65522, 536870912, 14, 65522, 0, 15, 65522, -1610612735, 16, 65522, -1610612735, 17, 65522, 1, 18, 65522, 1, 19, 65522, 0, 65542, 65522, -1610612736, 65543, 65522, 0, 65544, 65522, 0, 65545, 65522, 0, 65546, 65522, 0, 65547, 65522, 0, 65548, 65522, 0, 65549, 65522, 0, 65550, 65522, 0, 65555, 65522, 0, 14, 65523, 0, 15, 65523, 1, 16, 65523, -1610612735, 17, 65523, 1, 18, 65523, -1610612735, 19, 65523, 0, 65550, 65523, 0, 65555, 65523, 536870912, 14, 65524, 0, 15, 65524, -1610612735, 16, 65524, 1, 17, 65524, 1073741825, 18, 65524, 1, 19, 65524, 536870912, 65550, 65524, 0, 65555, 65524, 0, 14, 65525, 536870912, 15, 65525, -1610612735, 16, 65525, -1610612735, 17, 65525, 1, 18, 65525, 1, 19, 65525, 0, 65550, 65525, -1073741824, 65555, 65525, 0, 14, 65526, -1610612736, 15, 65526, 1, 16, 65526, 1, 17, 65526, 1, 18, 65526, -1610612735, 19, 65526, 0, 65550, 65526, 536870912, 65555, 65526, 536870912, 14, 65527, -1610612736, 15, 65527, -1610612735, 16, 65527, 1, 17, 65527, 536870913, 18, 65527, -1610612735, 19, 65527, 0, 65550, 65527, -1073741824, 65555, 65527, -1073741824, 14, 65528, -1610612736, 15, 65528, -1610612735, 16, 65528, -1073741823, 17, 65528, 1, 18, 65528, 1, 19, 65528, 0, 65550, 65528, 0, 65555, 65528, 0, 0, 65529, 536870912, 1, 65529, 0, 2, 65529, 536870912, 3, 65529, -1610612736, 4, 65529, 0, 5, 65529, -1610612736, 6, 65529, 0, 7, 65529, 0, 8, 65529, 0, 9, 65529, 0, 10, 65529, 0, 11, 65529, -1610612736, 12, 65529, -1610612736, 13, 65529, -1610612736, 14, 65529, 0, 15, 65529, 1, 16, 65529, -1610612735, 17, 65529, 1, 18, 65529, -1610612735, 19, 65529, 536870912, 65533, 65529, 536870912, 65534, 65529, 536870912, 65535, 65529, 536870912, 65536, 65529, 0, 65537, 65529, 0, 65538, 65529, -1073741824, 65539, 65529, 0, 65540, 65529, -1610612736, 65541, 65529, -1610612736, 65542, 65529, 0, 65543, 65529, 0, 65544, 65529, 0, 65545, 65529, 0, 65546, 65529, -1610612736, 65547, 65529, -1610612736, 65548, 65529, 536870912, 65549, 65529, 0, 65550, 65529, 0, 65555, 65529, 0, 131069, 65529, 0, 131070, 65529, 0, 131071, 65529, 0, 0, 65530, 1, 1, 65530, 1, 2, 65530, 1, 3, 65530, 1, 4, 65530, 1, 5, 65530, 536870913, 6, 65530, 1, 7, 65530, 1, 8, 65530, 1, 9, 65530, -1610612735, 10, 65530, 1, 11, 65530, 1, 12, 65530, 1, 13, 65530, 1, 14, 65530, -1610612735, 15, 65530, -1610612735, 16, 65530, -1610612735, 17, 65530, -1610612735, 18, 65530, -1610612735, 19, 65530, -1610612736, 65533, 65530, 0, 65534, 65530, 1073741825, 65535, 65530, 1, 65555, 65530, 0, 131069, 65530, -1610612736, 0, 65531, 1, 1, 65531, 1, 2, 65531, 1, 3, 65531, 1, 4, 65531, 1, 5, 65531, 1, 6, 65531, -1610612735, 7, 65531, -1610612735, 8, 65531, 1, 9, 65531, 536870913, 10, 65531, 1, 11, 65531, -1610612735, 12, 65531, 1073741825, 13, 65531, 1, 14, 65531, -1610612735, 15, 65531, 1, 16, 65531, 536870913, 17, 65531, 1073741825, 18, 65531, -1610612735, 19, 65531, -1610612736, 65533, 65531, 0, 65534, 65531, 536870913, 65535, 65531, 1, 65555, 65531, 0, 131069, 65531, -1610612736, 0, 65532, 536870913, 1, 65532, 1, 2, 65532, 1073741825, 3, 65532, 1, 4, 65532, 1, 5, 65532, 1, 6, 65532, -1610612735, 7, 65532, -1610612735, 8, 65532, 1, 9, 65532, 1, 10, 65532, 1, 11, 65532, -1610612735, 12, 65532, 1, 13, 65532, 1, 14, 65532, -1610612735, 15, 65532, 1, 16, 65532, -1610612735, 17, 65532, -1610612735, 18, 65532, 1073741825, 19, 65532, -1610612736, 65533, 65532, 0, 65534, 65532, 1, 65535, 65532, 536870913, 65555, 65532, 536870912, 131069, 65532, -1073741824, 0, 65533, 536870913, 1, 65533, 536870913, 2, 65533, 1, 3, 65533, 536870913, 4, 65533, 536870913, 5, 65533, 536870913, 6, 65533, -1610612735, 7, 65533, -1610612735, 8, 65533, -1610612735, 9, 65533, -1610612735, 10, 65533, 1, 11, 65533, -1610612735, 12, 65533, 1, 13, 65533, 536870913, 14, 65533, -1610612735, 15, 65533, 1, 16, 65533, 1, 17, 65533, -1610612735, 18, 65533, -1610612735, 19, 65533, -1610612736, 65533, 65533, 0, 65534, 65533, 1, 65535, 65533, 536870913, 65555, 65533, 0, 131069, 65533, 0, 0, 65534, 1073741825, 1, 65534, 0, 2, 65534, -1610612736, 3, 65534, 0, 4, 65534, 0, 5, 65534, -1610612736, 6, 65534, 0, 7, 65534, 0, 8, 65534, 0, 9, 65534, 0, 10, 65534, 0, 11, 65534, -1073741824, 12, 65534, -1610612736, 13, 65534, 0, 14, 65534, 0, 15, 65534, -1610612735, 16, 65534, 1, 17, 65534, -1610612735, 18, 65534, -1610612735, 19, 65534, -1610612736, 65533, 65534, -1610612736, 65534, 65534, 1, 65535, 65534, 1073741825, 65537, 65534, 0, 65538, 65534, 0, 65539, 65534, 0, 65540, 65534, -1610612736, 65541, 65534, -1610612736, 65542, 65534, 0, 65543, 65534, 0, 65544, 65534, 0, 65545, 65534, 0, 65546, 65534, 0, 65547, 65534, 0, 65548, 65534, 0, 65549, 65534, 0, 65550, 65534, 536870912, 65555, 65534, 0, 131069, 65534, 0, 0, 65535, 1, 1, 65535, -1073741824, 14, 65535, 0, 15, 65535, 1, 16, 65535, 1, 17, 65535, 1, 18, 65535, -1610612735, 19, 65535, 0, 65533, 65535, 1073741824, 65534, 65535, -1610612735, 65535, 65535, 1, 65537, 65535, 0, 65550, 65535, 0, 65555, 65535, 0, 131069, 65535, 536870912 )
}
__meta__ = {
"_editor_clip_": 0,
"_editor_floor_": Vector3( 0, 1, 0 )
}

[node name="WorldEnvironment" type="WorldEnvironment" parent="."]
environment = SubResource( 1 )

[node name="Pillar" parent="." instance=ExtResource( 1 )]
transform = Transform( 1, 0, 0, 0, 1, 0, 0, 0, 1, 7.0464, 2.97554, -10.8293 )

[node name="Pillar2" parent="." instance=ExtResource( 1 )]
transform = Transform( 1, 0, 0, 0, 1, 0, 0, 0, 1, 30.5967, 2.97554, -28.5184 )

[node name="Pillar3" parent="." instance=ExtResource( 1 )]
transform = Transform( 1, 0, 0, 0, 1, 0, 0, 0, 1, 29.963, 2.97554, 9.65837 )

[node name="Lamp" parent="." instance=ExtResource( 2 )]
transform = Transform( 0.999999, 6.17955e-11, 0.00141372, -6.17955e-11, 1, -4.42918e-14, -0.00141372, -4.42918e-14, 0.999999, -0.648639, 2.72258, -9.32938 )

[node name="Lamp2" parent="." instance=ExtResource( 2 )]
transform = Transform( 1, 0, 0, 0, 1, 0, 0, 0, 1, 24.2307, 2.85322, -10.8956 )

[node name="Lamp3" parent="." instance=ExtResource( 2 )]
transform = Transform( 1, 0, 0, 0, 1, 0, 0, 0, 1, 34.9785, 2.85322, 7.93804 )

[node name="Lamp4" parent="." instance=ExtResource( 2 )]
transform = Transform( 1, 0, 0, 0, 1, 0, 0, 0, 1, 15.7455, 2.85322, 14.5265 )

[node name="Lamp5" parent="." instance=ExtResource( 2 )]
transform = Transform( 1, 0, 0, 0, 1, 0, 0, 0, 1, 33.593, 2.85322, -32.4156 )

[node name="Lamp6" parent="." instance=ExtResource( 2 )]
transform = Transform( 1, 0, 0, 0, 1, 0, 0, 0, 1, 17.752, 2.85322, -31.8876 )

[node name="Zombie" parent="." instance=ExtResource( 5 )]
transform = Transform( 1, 0, 0, 0, 1, 0, 0, 0, 1, 0, 2.54562, -6.12938 )

[node name="Zombie2" parent="." instance=ExtResource( 5 )]
transform = Transform( 0.999931, 9.10474e-06, -0.0117283, -9.07973e-06, 1, 2.18589e-06, 0.0117283, -2.07924e-06, 0.999931, 19.9331, 2.44938, -8.32788 )

[node name="Zombie3" parent="." instance=ExtResource( 5 )]
transform = Transform( 0.999931, 9.10474e-06, -0.0117283, -9.07973e-06, 1, 2.18589e-06, 0.0117283, -2.07924e-06, 0.999931, 27.0651, 2.44938, -6.35945 )

[node name="Zombie4" parent="." instance=ExtResource( 5 )]
transform = Transform( 0.999931, 9.10474e-06, -0.0117283, -9.07973e-06, 1, 2.18589e-06, 0.0117283, -2.07924e-06, 0.999931, 32.2927, 2.44938, -0.55108 )

[node name="Zombie5" parent="." instance=ExtResource( 5 )]
transform = Transform( 0.999931, 9.10474e-06, -0.0117283, -9.07973e-06, 1, 2.18589e-06, 0.0117283, -2.07924e-06, 0.999931, 35.9125, 2.44938, -0.208666 )

[node name="Zombie6" parent="." instance=ExtResource( 5 )]
transform = Transform( 0.999931, 9.10474e-06, -0.0117283, -9.07973e-06, 1, 2.18589e-06, 0.0117283, -2.07924e-06, 0.999931, 32.9041, 2.44938, 3.50897 )

[node name="Zombie7" parent="." instance=ExtResource( 5 )]
transform = Transform( 0.999931, 9.10474e-06, -0.0117283, -9.07973e-06, 1, 2.18589e-06, 0.0117283, -2.07924e-06, 0.999931, 36.2793, 2.44938, 4.97646 )

[node name="Zombie8" parent="." instance=ExtResource( 5 )]
transform = Transform( 0.999931, 9.10474e-06, -0.0117283, -9.07973e-06, 1, 2.18589e-06, 0.0117283, -2.07924e-06, 0.999931, 32.2793, 2.44938, 12.9765 )

[node name="Zombie9" parent="." instance=ExtResource( 5 )]
transform = Transform( 0.999931, 9.10474e-06, -0.0117283, -9.07973e-06, 1, 2.18589e-06, 0.0117283, -2.07924e-06, 0.999931, 23.0809, 2.44938, -31.4633 )

[node name="Zombie10" parent="." instance=ExtResource( 5 )]
transform = Transform( 0.999931, 9.10474e-06, -0.0117283, -9.07973e-06, 1, 2.18589e-06, 0.0117283, -2.07924e-06, 0.999931, 26.768, 2.44938, -34.4518 )

[node name="Zombie11" parent="." instance=ExtResource( 5 )]
transform = Transform( 0.999931, 9.10474e-06, -0.0117283, -9.07973e-06, 1, 2.18589e-06, 0.0117283, -2.07924e-06, 0.999931, 26.768, 2.44938, -30.4518 )

[node name="Zombie12" parent="." instance=ExtResource( 5 )]
transform = Transform( 0.999931, 9.10474e-06, -0.0117283, -9.07973e-06, 1, 2.18589e-06, 0.0117283, -2.07924e-06, 0.999931, 29.768, 2.44938, -33.4518 )

[node name="Zombie13" parent="." instance=ExtResource( 5 )]
transform = Transform( 0.999931, 9.10474e-06, -0.0117283, -9.07973e-06, 1, 2.18589e-06, 0.0117283, -2.07924e-06, 0.999931, 32.9423, 2.44938, -29.4099 )

[node name="Zombie14" parent="." instance=ExtResource( 5 )]
transform = Transform( 0.999931, 9.10474e-06, -0.0117283, -9.07973e-06, 1, 2.18589e-06, 0.0117283, -2.07924e-06, 0.999931, 35.768, 2.44938, -30.4518 )

[node name="Player" parent="." instance=ExtResource( 4 )]
transform = Transform( -0.0971834, 0, 0.995266, 0, 1, 0, -0.995266, 0, -0.0971834, 0, 3.47849, 3.28436 )
